# Trainee IDs whose scheduled email notifications need correcting.
# One TIS person ID per line. Blank lines and lines starting with '#' are ignored.
# These 1094 IDs were identified as having scheduled notifications with outdated email
# addresses before the contact-details update flow was fixed.
# The migration fetches each trainee's current email from the trainee-profile service
# at runtime, so this file contains IDs only — no snapshot email values.
110425
121267
121626
12744
134176
137536
139836
148612
162437
19562
20611
222712
23
23231
247977
249449
250454
250822
250868
251876
252394
254252
254625
254898
256514
259496
260172
261578
261670
264437
264617
265869
266145
270638
271327
272301
273199
274267
276217
276311
276419
279906
282196
283310
284349
284808
285269
287176
288909
291801
291950
293634
294180
295277
295360
295389
297212
302951
303570
303804
304148
307104
307125
307260
308332
310028
310999
311418
312578
312598
314002
314453
315286
315376
315480
315484
317192
318959
319313
319409
320173
321394
321482
322133
322933
323073
323317
323337
323419
326092
326164
326566
326596
327846
328800
329434
330975
3338
333852
334524
334821
334838
334851
334916
334966
335131
335193
335234
335686
335986
336039
336045
336306
336311
336531
336640
336695
336826
336907
337025
337088
337232
337287
337311
337400
337430
337431
337602
337604
337773
337780
337787
337999
338119
338227
338265
338285
338288
338392
338922
340214
340379
340868
340913
340931
340938
341122
342127
342254
342374
342381
342852
342868
342924
342963
342965
342977
343000
343057
343169
343214
343458
343811
344704
345489
345694
3464
347104
347852
347932
347983
347985
347986
347991
347996
347997
348001
348005
348012
348016
348021
348023
348039
348043
348048
348049
348052
348055
348058
348069
348074
348081
348094
348099
348109
348114
348123
348128
348150
348154
348162
348166
348167
348175
348190
348200
348204
348210
348211
348228
348233
348239
348243
348245
348246
348248
348253
348258
348261
348269
348270
348271
348280
348282
348283
348285
348289
348290
348293
348294
348298
348302
348310
348314
348317
348332
348339
348342
348343
348346
348351
348353
348363
348366
348367
348371
348374
348392
348393
348403
348412
348449
348484
348500
348518
348521
348522
348526
348529
348538
348544
348545
348549
348550
348560
348582
348612
348616
348625
348629
348635
348662
348665
348669
348675
348677
348679
348681
348683
348684
348686
348687
348699
348700
348704
348713
348719
348724
348729
348730
348748
348770
348771
348778
348780
348783
348789
348792
348794
348796
348800
348801
348820
348828
348830
348832
348833
348842
348844
348848
348849
348850
348854
348858
348865
348868
348882
348883
348885
348888
348895
348896
348897
348901
348910
348913
348921
348925
348931
348935
348938
348947
348949
348972
348974
348994
348995
349005
349013
349015
349023
349026
349030
349035
349037
349042
349050
349059
349065
349068
349081
349087
349090
349102
349106
349109
349110
349120
349121
349135
349139
349140
349161
349162
349163
349168
349171
349173
349181
349182
349185
349187
349193
349197
349198
349208
349222
349226
349227
349261
349264
349266
349269
349275
349276
349278
349279
349282
349290
349296
349301
349317
349319
349320
349331
349337
349340
349346
349348
349356
349358
349374
349377
349382
349383
349395
349396
349399
349400
349401
349403
349409
349411
349412
349419
349428
349433
349438
349440
349441
349447
349451
349453
349474
349478
349486
349489
349493
349496
349502
349505
349517
349521
349524
349527
349551
349553
349563
349566
349574
349576
349578
349579
349580
349582
349586
349590
349591
349594
349596
349597
349601
349615
349619
349628
349632
349638
349646
349654
349662
349663
349667
349668
349679
349682
349683
349688
349690
349691
349695
349705
349943
350103
350187
350211
350284
350317
350418
350596
350602
350664
350675
350696
350746
350805
350830
350861
350865
350867
350870
350918
350934
350942
350944
350947
350960
350965
350966
350970
350984
350987
350998
351008
351020
351029
351030
351033
351040
351043
351061
351070
351072
351073
351075
351079
351088
351095
351096
351108
351111
351120
351134
351161
351162
351166
351182
351189
351192
351200
351202
351222
351236
351250
351266
351268
351269
351281
351283
351284
351330
351353
351360
351361
351367
351371
351373
351375
351376
351380
351382
351390
351404
351405
351432
351435
351438
351439
351440
351441
351443
351446
351458
351461
351488
351489
351490
351492
351519
351529
351559
351560
351564
351567
351576
351595
351606
351620
351633
351654
351667
351685
351689
351704
351706
351717
351719
351724
351740
351761
351819
351837
351875
351890
351905
351930
351937
351941
351989
351994
351998
352003
352020
352021
352028
352029
352045
352050
352053
352054
352058
352063
352069
352081
352093
352097
352103
352104
352106
352107
352118
352135
352152
352155
352164
352166
352187
352197
352203
352210
352226
352237
352245
352248
352250
352255
352266
352268
352274
352288
352291
352293
352297
352301
352314
352326
352351
352363
352366
352385
352391
352392
352394
352409
352425
352427
352435
352438
352443
352459
352466
352471
352472
352475
352481
352491
352499
352507
352510
352525
352528
352534
352535
352539
352542
352544
352547
352550
352566
352584
352599
352691
352714
352723
352741
352795
352813
352828
352836
352846
352866
352889
352912
352924
352929
352933
352954
352963
352972
352980
352981
353036
353059
353114
353128
353137
353169
353170
353177
353182
353198
353218
353231
353256
353266
353283
353298
353312
353326
353341
353343
353353
353359
353361
353382
353384
353396
353405
353414
353418
353436
353453
353475
353480
353484
353486
353490
353491
353495
353518
353543
353552
353561
353565
353576
353578
353593
353599
353600
353605
353607
353620
353625
353630
353646
353647
353665
353671
353692
353695
353697
353724
353735
353751
353753
353755
353818
353832
353838
353840
353862
353875
353879
353881
353883
353911
353915
353924
353941
353964
353998
354001
354017
354029
354041
354055
354059
354081
354090
354102
354124
354140
354143
354161
354171
354178
354270
354278
354295
354304
354312
354313
354339
354352
354358
354366
354372
354374
354379
354394
354396
354428
354443
354448
354452
354453
354455
354458
354478
354479
354487
354501
354514
354520
354545
354558
354592
354618
354774
354776
354777
354779
354785
354793
354794
354795
354801
354802
354803
354807
354815
354818
354820
354831
354832
354835
354840
354843
354849
354860
354863
354874
354875
354881
354884
354886
354890
354891
354896
354902
354907
354927
354929
354936
354938
354943
354952
354957
354959
354966
354974
354980
354986
354989
354992
354995
354997
355005
355010
355027
355041
355045
355049
355067
355091
355097
355106
355153
355219
355266
355289
355313
355316
355328
355333
355369
355382
355389
355417
355471
355475
355480
355481
355483
355493
355498
355508
355515
355516
355531
355532
355537
355545
355550
355573
355578
355587
355588
355591
355598
355606
355618
355619
355620
355634
355641
355652
355653
355661
355670
355676
355680
355684
355686
355705
355716
355753
355757
355759
355761
355764
355769
355780
355781
355784
355792
355804
355815
355816
355829
355831
355874
355897
355900
355903
355908
355911
355915
355916
355921
355927
355937
355957
355963
355975
355979
355987
355996
356008
356029
356037
356081
356084
356085
356087
356094
356095
356096
356098
356101
356105
356109
356113
356116
356119
356120
356128
356130
356158
356162
356170
356174
356181
356184
356197
356201
356204
356208
356212
356231
356238
356242
356244
356249
356252
356253
356256
356265
356267
356269
356281
356287
356292
356309
356319
356321
356327
356331
356341
356347
356351
356356
356366
356368
356374
356381
356387
356401
356404
356405
356415
356439
356440
356441
356450
356460
356462
356473
356480
356490
356568
356666
356732
356800
356881
356900
356907
356967
356996
357000
357022
357032
357075
357080
357081
357092
357133
357153
357185
357228
357241
357243
357249
357310
357317
357345
357594
357757
357766
357777
357807
357808
357817
357834
357849
357862
357866
357870
357880
357893
357901
357907
357914
357939
357940
357951
357954
358099
358213
46717
47075
55335
59064
59517
63017
